30 24552
104 23930
78 13273
96 12374
98 9407
50 4297
29 1670
69 4335
31 1771
29 1824
24 1315
96 5559
67 4120
40 2508
68 3123
54 3677
61 3691
73 4444
37 2111
86 4317
107 5198
33 1779
105 5278
36 1205
49 2464
21 852
70 2462
96 3420
79 3018
40 1428
99 3449
54 1810
55 1977
98 3590
18 661
61 2744
71 2242
103 6842
29 920
98 2825
105 3669
50 2149
25 748
40 1074
65 1825
12 337
10 316
96 3270
103 2756
29 1324
53 2126
14 475
47 1527
47 1594
67 2314
77 2746
87 2927
57 1902
94 3293
80 2304
89 5615
59 1814
101 2853
14 378
39 1311
56 1510
17 442
25 650
42 1272
100 2502
84 2161
36 1026
100 2660
58 1994
104 4161
52 1920
54 1735
69 2060
93 2784
60 1905
33 981
82 2686
81 2830
100 3960
107 3910
69 2649
10 429
17 616
70 2998
82 2381
109 3348
82 2426
89 2740
25 783
66 1818
27 953
71 2125
105 3489
27 739
75 2014