30 16
104 47
78 72
96 100
98 131
50 153
29 169
69 194
31 210
29 226
24 242
96 270
67 295
40 314
68 339
54 361
61 383
73 408
37 427
86 455
107 486
33 505
105 536
36 555
49 577
21 593
70 618
96 646
79 671
40 690
99 721
54 743
55 765
98 796
18 814
61 836
71 861
103 892
29 908
98 939
105 970
50 992
25 1008
40 1027
65 1052
12 1064
10 1076
96 1104
103 1135
29 1151
53 1173
14 1188
47 1207
47 1226
67 1251
77 1276
87 1304
57 1326
94 1354
80 1379
89 1407
59 1429
101 1460
14 1475
39 1494
56 1516
17 1534
25 1550
42 1569
100 1600
84 1628
36 1647
100 1678
58 1700
104 1731
52 1753
54 1775
69 1800
93 1828
60 1850
33 1869
82 1897
81 1925
100 1956
107 1987
69 2012
10 2024
17 2042
70 2067
82 2095
109 2126
82 2154
89 2182
25 2198
66 2223
27 2239
71 2264
105 2295
27 2311
75 2336